243993	226496	252690	250106	210687	273292	251822	233825	242097	242934	234112	247448	206941	240312	255085	226375	214453	248955	235816	226689	251802	268212	226945	271141	249321	263349	251711	264694	237483	228380	240021	248966	255876	240536	254577	245203	200426	241741	265791	254183	236507	249631	234288	267447	237958	223503	246299	251393	254648	256571	274513	246187	260290	247837	248056	227852	257432	255113	239145	241800	252861	233987	244845	238048	241369	241666	261939	224133	231204	273694	219132	256852	248166	238619	250550	223544	
205288	205665	219627	231869	184989	262629	242814	234878	212228	231197	232553	214430	198244	211044	240032	205386	214650	230081	215355	201429	233920	250041	213067	238717	243568	248711	227958	236242	220127	213415	220853	234733	212957	217488	214216	223208	175682	228550	220901	236049	204071	233936	209781	239430	227996	207540	223338	226421	200236	249035	248223	227737	230387	231365	216686	193446	219366	230943	223911	224999	221977	208632	224541	221775	238671	204264	259020	221044	192583	231946	212636	237857	212268	222995	227599	192051	
220220	221533	235586	244335	202286	259678	241268	214191	239887	230202	221821	206303	212449	205638	234059	206595	216871	231920	211759	199508	255206	242715	207067	248859	223362	235920	225017	227070	208018	231439	236478	239374	231884	226848	226118	221800	183717	221867	238075	238858	223662	232394	221863	238970	229478	213819	230913	237117	234084	251499	247524	224263	248499	244707	218763	222214	217574	226167	229105	222163	225848	197962	227066	236845	215861	223783	231634	228477	210531	234701	210221	248461	239409	220715	252514	207846	
264287	249481	270609	279250	226896	277066	280696	257401	271171	257653	253232	239107	249628	257819	284178	244465	232659	247118	242643	229230	258153	284940	232621	292209	266139	264672	248038	280769	243158	261144	252542	282229	260588	247556	262523	264114	219725	261602	266143	277317	257359	259601	251479	278165	275773	252690	250023	276409	262876	291365	260110	275263	289394	275002	256009	251154	259462	280419	259996	269810	267728	242512	264394	265929	248167	247620	277601	272153	244903	297001	243104	283034	266189	264124	265030	242679	
231820	232216	245755	272316	220366	265749	258782	268109	248657	239126	236123	244441	249703	236556	273235	226166	240945	238368	227954	218511	255822	285152	225880	264453	260352	254532	245443	260523	234251	248374	245763	257593	236123	230830	239547	239140	192804	252547	263780	272746	235988	233824	240087	264159	255562	229990	243043	255089	221531	278272	257239	251384	264375	259226	256378	225594	239853	255063	276687	235798	248947	231889	251881	237260	240376	237881	260033	247241	230679	254969	235818	265109	253501	252380	249853	219012	
242276	230048	244768	275489	229966	287686	280595	260269	250269	247388	243514	234797	218708	249556	279359	226624	231797	246753	252282	239742	261869	288558	220918	298442	269490	264719	253229	263558	239322	245493	254030	262077	258396	249063	252942	262611	208264	256186	277589	281792	263610	252593	239869	261084	253479	247058	247280	266537	274483	273591	266803	258552	277991	257891	255688	246693	260610	275785	255413	257696	260961	244467	252829	248221	245259	245344	275168	242338	234749	256975	237615	276011	255689	251742	271943	224633	
249583	235640	247187	276177	207987	273073	282676	251692	235906	267004	238532	232852	244083	244808	267404	218373	227715	256998	232107	219285	263560	272173	235081	278821	260909	265046	248063	253254	237886	235675	256351	260589	252659	242560	252152	238263	209392	253375	255894	265741	245619	254474	230280	264632	256352	234652	239533	254926	254125	268393	272311	252593	275750	270066	256943	219909	231609	264889	269550	255266	241281	241469	242889	247652	241996	239452	268934	243613	240576	276693	226375	265513	252422	241475	261057	232003	
258947	229669	250444	274949	212865	283857	264567	248502	252222	248851	257861	250563	229352	248894	280971	241450	208120	248078	240539	234530	256498	286654	235279	267387	240317	259843	251679	266594	241707	255074	242100	260732	256330	225237	242678	240156	199895	248813	268986	259361	230777	253067	249192	271689	256048	244747	241292	262266	253704	274615	278804	249833	269579	262763	248306	233704	253177	259317	253065	241970	236129	222044	243585	251722	247424	245821	274393	252117	230482	261524	244401	277404	247561	246504	261662	215824	
251090	218437	246570	265832	224338	274081	250608	244636	241545	238325	231194	243459	216083	228062	253492	239277	226287	240306	243843	229426	249470	261238	226300	276376	246329	260582	228270	249071	218792	244144	244298	248497	250998	235742	234246	244367	193990	247457	254726	260938	221732	253205	235098	261543	233883	221654	240000	254425	233308	263474	266259	259848	269072	255609	234393	232615	245094	247564	252072	232032	244958	227000	239231	260789	240805	223247	270921	247724	228404	252759	238008	285084	245415	222877	259599	222848	
242830	228888	247715	271531	208085	265680	259303	245983	243811	261294	246983	251820	229323	238020	263308	229612	230130	260019	237636	227840	257921	258580	243515	276817	251469	262881	248259	272395	224820	256692	251545	257811	253465	229903	255518	240268	215914	245388	272659	258465	242343	258746	260168	259667	254914	226777	251652	255719	242366	259957	271243	253395	284714	259110	258380	232898	252031	259300	250413	250528	260248	218702	249578	245096	257555	241676	251798	249040	239127	261274	233458	276301	256928	262502	263984	233421	
239782	238804	246443	258910	208009	280104	264687	241521	240620	261274	233061	242971	231211	227685	272766	230842	250311	247886	232672	234666	261809	278069	241539	276380	267386	255863	243133	263294	221794	248140	248410	266848	239653	232302	252363	243739	202987	234428	249891	289014	240283	257738	244229	271210	247296	220516	256821	246591	236534	260172	263100	250232	274232	270506	256078	222655	232758	252968	250260	250332	235848	223120	253600	258646	225791	234463	271262	242650	230342	268021	223496	264026	256212	246597	250209	234447	
213769	213516	224276	234375	208725	252838	238509	228252	239625	232477	239212	226822	216441	216646	248152	202455	214346	242029	209800	198603	232289	252027	203618	265822	245414	237548	222650	239703	210466	229063	231888	236114	233587	210604	220492	232236	183686	234143	244307	251488	216302	218038	215905	233643	249123	204581	218516	237331	227983	245434	247157	226586	247457	246181	233833	208259	225566	244044	227970	241215	225114	212407	229182	235876	214137	220574	231700	220805	210393	240027	226064	244413	232543	219465	233015	190871	
252225	250421	259602	271268	217658	280286	280890	238983	269173	252176	248640	257959	231511	253640	270232	251515	229854	266475	246230	236343	282376	287891	245894	290592	270973	266698	258303	259538	243878	261176	262956	268850	266752	250416	243569	259175	216573	264067	254645	272974	250851	263710	253832	280453	269819	249243	248335	268501	282181	278200	270350	278852	263053	278246	266061	243260	269099	282306	255365	259502	266683	238853	252466	267013	232510	246756	284938	256219	245782	265806	235057	286148	254850	250773	266288	244372	
231888	218305	226157	251571	215736	254617	246585	236075	230695	236401	249692	235510	206454	219853	250848	212980	217710	250924	234393	208582	240748	258314	214528	277983	237892	251844	216829	237889	209111	219897	238440	240307	243733	219452	225497	232823	185415	213904	245694	242344	226390	231307	239796	249324	241558	212116	233013	244256	208286	252518	250537	243539	248379	248666	230194	208629	245287	240936	223712	242201	226688	207548	229841	245298	228352	233343	252582	239895	217059	255901	222388	254833	234562	235189	247710	205780	
234236	216617	236932	261986	211666	262831	256456	236127	230969	232517	232285	210253	214970	219182	239405	211893	213388	225791	223978	214291	234083	257264	195072	278137	249102	244093	234732	240189	216831	233837	237716	252752	239850	213915	221955	238094	196774	235870	237866	254548	227928	236580	229142	243647	228585	226309	223605	244781	227689	256413	235746	244334	258517	246145	236746	214709	232011	249662	229597	231062	245534	225664	233005	252703	232226	209405	259822	228266	211821	242404	221407	257280	233893	242250	249462	203697	
262573	215609	255022	250486	212313	274393	271819	269365	241687	250447	252869	224433	238321	216964	260537	207816	227508	246479	245692	211252	250683	270148	235544	286265	244694	265496	243070	260657	226117	242772	252464	273778	251703	233617	258436	251809	204854	249964	250684	249115	235420	243590	233147	262332	245129	238339	253934	245477	253009	264210	249743	255483	284963	277862	255450	246174	247634	261042	264980	248651	247354	221672	266762	238383	257622	234927	254900	235915	239618	268338	242209	262917	237879	242169	280139	229028	
247410	238463	254782	263971	207634	273367	277461	257720	260259	258278	238915	239063	234159	243346	261600	238377	229232	253588	246145	231161	251908	281224	228959	286550	261499	280014	246245	275483	239865	252313	258134	263270	258774	245454	251212	254662	202474	266015	287892	274524	243647	271176	249833	278535	262343	256446	251502	267034	267565	276670	274649	258344	293902	253323	262871	238398	248136	275582	271779	269896	260306	229459	262261	257976	256128	241659	271070	249374	244479	271208	236734	285679	255238	256102	264605	220132	
236803	223743	235869	247433	198810	247917	239358	245252	247740	247808	238957	229168	225384	221468	260236	209510	206637	237602	246098	223380	237328	272954	221087	261158	242248	248665	233954	264990	202952	242989	238260	251031	234713	228237	226418	235447	200760	232768	263103	250559	232444	238417	237188	240230	243472	207184	214270	244742	220666	237201	236222	237868	281584	256485	243217	227001	239301	251567	236135	241648	228074	216972	241972	242679	247494	223607	248583	236226	245534	267712	230796	259275	227911	250401	242405	216427	
221570	224603	233795	247896	205231	261882	255693	223801	242168	255071	239259	228481	227013	244963	253763	223935	230130	240657	228575	218683	241316	255197	220471	268458	252091	243233	243112	254886	227717	235403	243541	242854	246501	227539	223987	239203	199383	240318	243745	261113	234889	261613	245284	247805	241629	229790	253888	248089	242455	240258	252784	249238	251256	243150	249458	214020	252961	253612	249314	245342	237539	234420	229966	251317	244483	223505	259237	243455	228234	246670	228969	259529	240740	242047	241641	202891	
222841	222580	241078	271244	216520	267118	271258	256018	256831	254164	253578	236730	236281	246567	276600	231436	234769	247347	233684	227345	249160	275625	226807	276980	252495	252011	259261	266058	212744	248003	248732	265800	255780	239450	248521	251740	208326	248795	272374	262862	240281	245397	245477	265820	259188	249391	251309	251824	266253	266952	261324	255078	283530	266448	248176	251622	255070	269441	255956	261479	258364	244469	252828	266922	244173	231659	262448	249351	232340	244946	235713	263165	256156	257540	271720	218049	
236853	231410	239245	254947	204237	261620	254560	234517	247797	237202	230664	219932	226029	236344	255506	222839	216404	250496	230152	228416	252324	278870	222128	271278	255471	243387	242580	253879	222135	231396	240590	252927	248091	243460	240932	240707	203867	249902	249779	244617	241527	248445	224230	241726	253465	221665	222565	252157	244535	250063	255559	246316	285444	253426	257937	225883	242374	241812	225589	252646	250259	215674	243026	249258	237343	216180	251118	244124	229400	254265	223854	264223	239388	237300	249728	210064	
264676	239388	263049	282458	218775	287458	276253	261209	275045	270172	257022	248732	239368	245468	274855	231439	235675	267349	256451	230961	264994	291776	231601	294064	267922	274316	242339	284267	240254	257418	255687	271790	273620	244115	252188	265778	199724	260018	264809	290158	254452	276151	251886	268875	257869	230689	242399	273534	260478	272481	283709	269539	263423	278537	255596	236668	273911	272670	261550	256168	257491	243958	262380	279827	237073	225965	281720	264057	239281	279421	233627	281142	259184	264476	274609	217022	
217676	214377	223807	249550	209514	251089	237560	229455	244106	243917	231013	219328	221089	218940	248870	203308	229958	238561	233345	203401	244650	262107	214986	262489	253533	246333	228315	235784	208296	224182	229767	248355	241677	213458	232681	232136	192475	233958	231379	244099	227793	239995	231865	251400	236371	198617	245174	235829	223102	257475	248317	232596	249075	258545	236119	223320	234506	241051	238037	227543	252467	210044	237670	254320	226708	223517	241027	239409	220492	240060	216212	256805	236171	212495	238427	209493	
255555	247694	258709	281692	240277	290699	287860	255001	271458	262787	258556	251261	245838	256409	279737	250844	247603	264492	242860	232053	265059	287707	231391	293414	288698	270672	267665	278559	246337	258186	242308	283988	273923	263030	267520	257112	209580	275504	289745	280654	247413	266056	270648	276524	261142	241779	265344	283774	254063	290331	273541	271638	297423	270215	264858	246861	267091	264503	262923	273901	267459	265187	266143	276660	268720	251879	287233	256454	233848	272013	258063	298310	256009	271081	267977	236252	
208812	185271	216609	219463	188388	230124	217896	191459	214853	201417	192563	211871	189149	202118	217401	200718	182733	215786	195381	181370	206971	222704	183150	232590	213958	214443	195274	216056	187584	203626	208833	211423	213074	200168	199417	216966	149604	197165	226071	214944	208504	207433	206253	228097	215723	192541	191120	212062	211230	213433	216484	201334	229898	215599	201083	196724	215436	213142	207311	214856	199857	189976	201716	217761	197177	195876	226749	204496	200096	223414	189038	232536	222557	202604	206605	184702	
207889	204810	212421	229854	183623	244082	231765	214315	223236	220932	205767	205575	193956	211247	240177	221807	197965	214161	225614	198064	233522	228967	198968	244258	232328	205899	214735	236633	187559	205682	211710	227292	216558	231192	215681	206349	176673	230517	221691	220609	220190	219908	218187	236686	234598	199827	221839	235003	202392	244723	227675	241833	237654	220774	215330	198453	209951	214181	223756	223302	211932	199231	206395	205033	208040	200355	239520	205087	197010	219087	206310	227846	219805	217328	226817	192099	
252990	243447	250814	250649	219931	282798	273681	259392	267091	244511	262975	246990	232150	239536	278667	246002	223260	257425	237357	224379	263146	278926	229566	277317	246704	244727	249500	269482	230426	238972	246516	270231	260356	239239	242819	261622	197784	258687	263187	264520	239314	252366	251718	269582	252424	239383	248447	255056	263809	273193	266747	262490	273881	275487	247747	231242	246480	256000	252994	245190	248636	224268	260905	264995	247888	233110	277034	251401	233712	254807	253859	279653	251993	258774	257411	220081	
220011	209735	224824	254621	217614	247791	241961	229847	232832	231836	227095	207421	213243	226202	244839	208061	209134	237768	232324	207082	242642	253480	183178	261018	252597	234577	238524	239276	207175	215131	231425	256950	240811	221351	238184	237923	181326	240666	256061	242222	232720	236322	226628	254394	249184	227049	230760	246166	237223	263913	241739	224258	251844	253108	237362	231326	240506	255601	239541	241766	231436	209016	232400	258994	222506	216616	253266	235901	230150	250585	218715	254253	234838	230776	238945	204278	
230717	221969	234464	267603	215384	255647	244022	250632	242868	238537	234484	223689	221912	238613	263524	223702	228170	239710	243725	228352	234607	283668	222092	274708	239991	264472	243958	274567	202068	239736	244107	264486	233507	229871	247437	245424	212742	236737	267312	253824	234259	248734	228666	233230	248197	221989	228160	256957	239452	278193	262432	241561	283489	252911	235598	231638	248335	259742	244013	240624	246750	231571	249579	237637	258048	221325	262339	237228	238177	260509	240504	253452	238454	244691	249172	205806	
276830	259675	274783	307392	249441	311797	320568	275003	291509	304193	271337	277802	265044	267397	296852	273060	268294	295046	266312	245369	283189	311380	265089	317096	292565	289169	282660	308144	260139	278651	285795	294567	289394	266734	276351	278630	228356	293005	288055	295161	270144	290470	271086	304118	288434	271731	285416	297726	287505	303270	324076	285560	310957	308345	293033	271412	287217	301546	283540	302941	300151	282050	286411	303722	278820	254218	313009	276963	265316	298662	273416	312894	283564	291237	296884	255827	
231408	202038	238272	246486	198935	256347	242874	224284	233174	234691	219843	221194	200252	227866	257204	215593	211308	233251	227392	219875	240284	254041	224308	256742	227704	242977	244366	257265	196604	235373	232832	251813	229217	217067	227841	238663	195390	236899	244016	240385	225385	233399	220958	241043	256963	221929	234360	245921	233842	275215	258796	243553	264235	254151	237369	229046	224977	253579	240603	244211	229523	205846	221125	225768	236668	213695	258809	236137	231468	252221	222583	251129	242098	235438	244468	207742	
239302	243922	250522	260496	216599	283631	285672	250644	252477	267404	245904	247189	235159	246072	271961	239886	242244	264198	251168	236784	259138	283752	242437	286136	260254	273581	265510	279072	223249	249486	246591	271069	255636	246586	269091	251812	208913	243809	256579	274687	253379	268931	239126	275715	258277	237080	252088	266347	264159	278308	260272	256389	287387	272545	263939	237433	262547	269524	255025	273672	259133	244930	268577	255480	262863	238546	279553	246094	249211	277985	228833	268537	249514	248355	253605	227455	
228603	233551	243721	248491	205474	267217	274449	244651	239767	254348	236815	230950	241931	232834	251161	228568	239857	250427	238163	233297	262486	263903	226819	261054	261712	244452	250416	256549	232014	250179	251033	264319	241721	237999	239150	242290	218835	259551	249129	268693	242731	252452	234083	267231	245653	230983	241442	259336	229109	275821	242100	268144	270410	264087	252310	233386	215710	277074	253754	256056	252492	225498	257109	253356	240703	231288	258404	239247	225827	261081	226608	271588	256510	245100	255686	214514	
229949	206377	234403	259920	211804	267684	248617	225632	257219	242629	219401	210329	222205	237939	255107	216336	211899	235564	242551	196244	252924	254024	218908	252926	244803	237441	231665	239594	222509	235136	236253	240484	237860	229549	233951	235657	174533	243293	253801	246705	236857	236911	240078	242533	245685	213823	235085	252665	237573	242014	231961	247656	256685	231719	242294	217782	235830	246212	240753	230117	232424	220739	227077	251195	221401	218244	250078	238022	221746	230083	213227	257966	241715	232519	241445	198672	
228423	218951	234015	245944	210180	253733	249553	233605	221403	234376	220689	221010	206665	221479	246132	206281	226691	234822	228796	208385	243098	257149	223666	257193	231693	241441	229217	239449	220555	224997	232044	244868	242930	218470	233434	225444	186972	231121	247871	238063	217078	234412	224004	233933	239654	220802	248157	242554	239211	252629	257693	250574	265227	239261	240831	216253	236963	228573	249379	234650	226473	213564	227984	245885	237403	226711	237232	218506	184443	232635	224901	241024	234136	224109	239510	209768	
250775	242836	253544	264888	208332	270494	268134	263537	255092	266614	249298	226873	239749	242665	275176	224212	227392	258979	248104	229739	258108	273586	242176	286241	249173	272267	242528	271819	235819	248113	261303	264888	233913	238004	251416	245305	214803	270824	263819	256049	238574	255951	237868	272588	249048	232476	247529	256004	246023	276865	265667	255932	292317	279570	264798	239912	238930	263127	253734	247125	259663	220839	254359	257073	251145	230629	274131	241992	236141	264585	232995	269844	258432	264067	258830	207767	
242775	233162	257663	250124	195736	265109	266724	238786	246778	236545	231090	238698	224362	219443	239221	216640	204336	240859	229921	207914	254387	265999	222784	277615	251215	252175	230323	253968	240743	243132	248950	254918	252663	248169	222915	248880	192994	249712	252377	258324	247717	254458	237660	253091	235784	225326	242640	253847	236284	251605	270344	253092	252861	250899	246690	244000	240587	230930	244491	242157	252911	216393	237585	244729	238083	232584	265426	242404	220538	250949	243323	270950	236960	253351	263425	219674	
201887	207636	206575	225882	194258	245774	235664	220667	202581	220171	202695	213657	198785	207806	219625	200659	207399	226438	197171	209968	232721	247358	198407	238531	215749	223293	228975	235031	191335	213631	225521	234292	215555	203522	211102	215307	181919	204688	236052	231890	218376	223954	209800	227325	225614	199215	214449	221017	222718	234980	228698	223082	240272	231200	224501	201247	203335	236684	207637	231581	204913	193426	214838	228459	215460	204998	242980	211121	211849	216804	206804	244842	205006	211780	233347	179452	
209465	213676	227777	241718	192097	255991	246717	215754	239300	235598	213709	221234	211047	222854	248912	218201	210284	237273	217095	211658	229558	244117	208574	253160	225082	237280	226449	234663	191607	222271	232239	239117	236781	232680	217747	232365	189309	226218	236156	239682	224659	244539	233549	240109	235232	214842	225975	246582	233356	246090	237931	243745	241483	244945	230051	220683	220156	241662	238731	230326	215225	207582	231548	230148	222480	205579	245828	210624	220077	238682	212576	246137	227218	219970	239010	188998	
233292	216200	253542	261798	225348	271775	269503	249883	243729	256815	241274	239224	226385	246354	250353	225676	224963	247403	245558	230074	262247	265205	228983	281312	242974	257353	253025	258514	236148	246751	255062	251143	250580	242840	250495	248886	198013	237807	264841	259895	247453	255395	237878	264331	244086	233093	251753	267178	248108	262953	262730	260261	252842	242718	248497	236634	260555	260744	257720	262168	229648	240392	243094	248448	246858	238670	271634	238785	231025	255847	237979	264458	249889	247852	260625	229802	
245686	231847	247258	255817	216613	269401	247677	256342	239490	250822	249489	231197	219909	222265	263039	218418	230641	255407	231595	220359	250037	262591	234200	270156	247733	261442	257666	259167	218405	243515	226365	268291	246413	235598	241855	239323	209102	251191	258490	250230	230710	249861	236513	251293	244084	210860	235492	240342	234636	259566	258326	245366	278418	253496	255129	213824	254150	262975	243498	233263	245499	218614	255946	240915	250139	218600	247943	219367	233653	257559	222794	271338	237850	232355	259106	202149	
246747	218830	249452	261436	222264	283314	265642	234263	246129	256912	239035	230408	225095	235443	260468	221567	231537	245701	221278	209038	255543	263419	225405	283303	254381	251784	239889	249665	240705	250748	244584	243545	248021	227205	247232	238149	191883	246761	242133	264758	239957	250535	239875	256775	238919	225875	248596	250791	254648	258739	257958	257979	262923	248867	247540	227037	247951	247693	252471	247813	231031	231815	243871	239656	229708	232463	255990	241723	209805	249452	222500	259595	252289	241454	246007	212938	
237866	242237	240032	270687	220888	276954	263263	260831	252179	242978	243068	220276	222302	232723	276787	240203	228609	238541	244077	220273	259035	267937	228624	284803	241318	251808	240962	268373	220267	246580	241089	275805	233732	237497	233701	244920	211563	265894	252737	260513	237502	254588	228885	255079	259133	226979	248681	259456	248647	275109	256328	272718	289931	260144	264871	234012	246100	250911	229997	243180	246341	218241	240467	254858	236133	222786	279333	249768	239112	258286	232868	263261	250055	253210	252613	216439	
196959	188664	175897	225541	174708	223481	217346	210725	195459	207063	180155	180091	183668	203349	214711	169833	204126	218548	191917	183912	217446	225092	158714	232670	222374	206259	211581	213071	188343	183473	211878	213376	206246	192844	200174	205535	168222	203580	198044	227650	192797	202474	199491	214701	215039	184825	210113	205753	191959	237201	214464	200311	233014	219088	194008	193597	190319	209124	208937	213038	205583	193088	198699	213512	196439	190372	225439	193769	180726	212417	187178	213296	207448	211181	213779	172537	
215733	222570	230387	252527	200876	276368	258995	217754	227425	247390	227456	220616	210458	229776	248061	214218	207537	247585	218799	213387	243566	257241	212297	261079	245821	239513	235266	245812	229617	228186	239103	236833	230730	218680	230964	230266	189556	231252	247183	238335	232374	233209	244766	243089	239946	230773	230031	249708	239960	253386	241561	236444	268434	239795	246980	214715	233067	262657	221420	258091	222481	220196	230458	242101	233531	220578	246069	243926	217431	241547	218560	253217	235613	232743	250563	218798	
245195	240342	251554	259671	214290	284509	277850	258019	250122	268041	245506	242569	230615	248592	269898	222540	232040	257042	236298	238703	263185	276143	238555	288962	269289	253538	255942	261777	229274	238970	236078	263575	252623	249674	247218	241330	217291	247713	253799	280509	250849	269968	247520	272802	259263	235592	253508	257311	249840	274467	266239	264167	281015	270679	256515	239678	258521	277766	266509	241674	269643	223902	254741	253432	236182	228765	270197	252203	245272	284314	231187	282353	265225	244908	267001	218937	
234423	222976	224692	249959	231096	270828	251389	252976	238733	243009	239726	212812	206773	232170	263037	214675	216142	244194	251754	213603	246934	248557	212374	278994	242723	251744	233055	255482	212554	222757	234395	259073	240566	227627	218578	239350	193363	241314	254089	259045	240907	260313	231396	260629	236122	219281	250117	233692	225614	253291	255883	250210	263106	245016	227134	229503	237533	252614	233571	250074	221217	217907	245052	250244	234614	212519	265112	242982	219902	242746	246088	251847	230079	250682	247557	205003	
226444	212307	228353	244693	210188	261541	265203	242486	245094	240686	225701	206069	208835	216198	258437	209450	211926	236020	218874	197450	236258	246611	204901	266139	254501	247975	231696	239428	218282	228344	215688	253675	232080	238844	210217	226485	169600	244929	224218	254954	229383	225870	236212	254271	214925	217595	248455	236412	218211	244371	256921	239805	254704	252549	235645	218800	237435	235311	238604	221813	243445	222504	225682	231825	222098	212270	250685	238709	208657	248511	215930	240500	248001	234890	254163	208300	
226899	239505	247837	259411	215832	268534	270871	247169	246950	266601	242298	240733	240913	240730	272059	236175	245969	244915	226633	217222	258217	275743	237235	281873	261256	266123	245354	265829	232639	268110	245709	259933	252744	239822	233974	252391	192214	252501	255282	270368	254064	249034	249081	260723	251822	226899	249129	255977	239626	274359	259002	261196	278788	258061	259862	228136	238859	248721	256334	251875	240846	241610	249333	246607	245617	234981	265590	237388	223280	252909	245022	279612	264509	254224	263036	236856	
217108	187389	220860	237693	190555	238539	233728	218834	219340	223233	210302	201489	190970	206137	227236	202205	204948	215514	213509	205577	225616	252436	193195	240132	226937	214010	223025	249172	208767	213079	204347	233744	222357	214557	209374	223811	183175	219123	228922	224527	223995	225385	200111	219913	218642	216535	227283	239358	213663	244040	230863	226911	232703	238284	219365	221211	222485	245457	227479	231971	228761	206179	212844	226416	216384	201244	233470	211981	201028	229781	212642	240460	220741	215750	226463	184856	
227586	210358	215522	248898	206535	240383	245868	228661	215391	225781	215858	213866	201556	216680	240903	194588	217305	227196	223492	203285	226918	241472	213189	262616	226287	225308	216510	234010	213444	220420	237954	242646	223043	213579	222509	223688	186004	211859	214097	244657	224923	221069	221651	254908	224873	202223	227966	230512	226011	249072	245977	226201	244580	236796	237020	210986	242627	231724	232341	230274	232557	201146	234725	229107	219719	215725	242914	217568	200087	239327	212080	243978	233317	227644	254178	227644	
226189	219687	227878	251781	209519	251020	261726	231482	225250	251039	232692	213387	216145	227301	257730	203169	214074	234821	222397	221869	240442	258763	215931	261904	253358	235866	243026	239145	222531	228281	232955	254077	228702	224083	225214	225718	201055	234254	241490	252621	229440	242402	225487	259078	232067	217277	239987	251667	235802	240219	249891	234101	257243	248754	258145	214635	235087	254349	249222	243326	243197	238014	224892	257667	226311	222002	257520	223548	225667	258230	212019	261259	237276	245151	240032	203011	
233605	239730	258114	259217	210741	288576	269352	248263	250364	256281	263596	237116	235072	241672	258205	228130	236149	249571	231776	232794	260555	265526	238392	291191	266591	265239	248291	274077	239682	254336	256778	254059	256409	241905	246721	264554	205487	257768	254226	271804	249063	273662	232533	269379	259290	238392	258822	252793	258190	281058	261847	265090	273629	274008	262353	237538	240806	264884	261099	254782	245037	225078	248749	252867	238889	234466	275516	261265	239130	266444	241039	271998	258552	247522	266304	226291	
232386	214745	227675	244039	194856	243759	243605	227029	223543	216413	214533	214119	203180	212395	229868	220852	191898	230983	230300	203427	240404	260031	203122	269595	232680	222717	224247	239422	212429	219480	224843	238424	243084	214863	216589	216639	192687	221557	241120	230907	217845	227779	224910	225546	238545	209634	215711	250676	228501	240314	219834	243798	261702	236918	233412	218027	238769	228904	213249	230090	236712	218781	216881	243668	225027	209733	246035	233376	218650	231134	211294	242015	216985	233594	227920	200719	
241821	230624	255117	276165	217103	286071	283528	273373	260965	263510	259798	245184	245289	244071	283228	240462	239942	255388	237290	225555	277299	278027	224804	278619	275558	273804	253225	278564	240413	243672	257595	277074	248407	252323	268325	255194	200916	267641	276645	270917	242671	243829	265569	270491	258552	234173	248561	261908	245532	288854	263355	263139	269226	277144	250032	238848	248014	273137	254209	248446	255861	223529	250404	259645	248665	253596	288916	267266	235067	258799	243525	266166	263375	262179	269746	222659	
249963	218728	249344	257311	198720	263912	272446	239265	238022	237590	241525	224199	228944	229042	257381	208230	219693	240107	231239	206614	250598	259367	219225	271380	246633	238478	235804	255158	215290	231385	231504	258554	256094	213557	246326	242947	208333	247079	237907	247648	236431	235168	237551	247072	250395	230138	234947	238666	263569	245404	239476	266689	262410	259049	258390	221867	246770	263861	249747	256668	240261	223042	251506	240512	232478	225095	254948	238435	219336	251767	229329	252162	245808	240510	260932	214873	
213490	216845	226018	241432	197455	257674	237779	228704	223189	222023	214748	228785	198786	219247	250511	227855	211262	236842	235124	221924	229260	261136	215668	251613	240685	233281	252604	238608	208818	208461	227308	256570	225691	234047	229655	228228	203557	220923	236238	238696	228685	224805	236575	246213	250479	207978	244968	244685	218988	269652	248041	239900	252463	241708	235312	214449	228321	247494	218887	233070	235657	206749	229186	241711	231081	218789	244124	219903	212539	231842	218053	246355	210625	223928	237924	207531	
241317	227588	234382	260673	220878	280293	277602	264039	237088	252003	236037	227246	220136	237470	268581	222688	239009	256322	254033	234346	247323	268773	225153	280410	256262	245064	241994	266449	229005	224381	238058	258797	247834	263743	236874	240373	196391	236968	266952	268129	242145	248466	232046	251734	254862	234069	256111	257717	238479	277417	270166	246598	275448	261600	238204	235247	247994	266843	259043	255627	256305	223916	243075	244919	243679	231218	281406	239687	235509	263028	227638	260360	235870	253736	260184	225010	
238192	238877	239288	258898	220363	270146	279701	253440	253636	245918	264637	242608	234848	238262	266995	228141	225749	262472	235704	233751	258946	270889	230386	271224	245362	249691	255982	264955	221022	240510	260389	274974	245474	235553	247810	247626	201355	245894	266216	259260	230364	250808	248816	268667	248611	239053	245820	237629	248241	243956	262430	256808	276170	263798	260734	231852	244514	251145	242671	266722	240662	208660	254998	271100	244033	232272	277060	253116	225582	247069	253825	273654	252094	249969	265250	202888	
205626	212016	229511	240851	207422	236631	228982	217161	228732	226031	213074	208405	204664	213246	233176	205553	199031	224195	208932	195430	221412	232941	198185	243406	234279	236525	223394	242719	200150	219325	231199	232078	214837	212918	218365	210757	185616	225393	242809	240050	216747	236665	214778	240458	221763	216598	230514	225606	217858	240084	255349	211764	238346	231733	225777	212478	230207	240834	227909	228035	240465	209362	220181	227808	228085	205805	222017	208911	218897	242595	196855	232640	221609	216391	228431	196627	
210421	199589	235485	227216	179165	245312	242971	210818	219038	227503	201865	195023	204592	205681	216955	202761	196380	226049	228956	209765	217905	228594	197377	243609	230847	230907	221121	237580	202075	203024	216964	234624	224792	228203	220107	215431	181949	211082	223881	224939	227789	228138	198963	220931	237731	200163	216181	230540	209319	241845	234107	222701	253172	232406	214139	219146	226834	231911	224081	230061	222892	207285	208942	215492	231498	208287	235408	201438	206020	236297	197407	239953	205253	204018	227230	200530	
216029	208781	225654	233141	195222	251873	253627	230420	241700	228059	240054	230014	223988	218334	249090	209727	205977	238133	229337	203118	233205	248377	226127	250476	224056	231558	218051	245295	214729	232439	232810	247543	231526	206750	220173	227038	186406	234414	236103	241100	228420	228804	239577	236288	234262	223026	230430	233874	228779	253263	235782	247637	249743	234077	250578	203532	226050	238438	233159	238198	228589	203540	241380	228377	216518	213189	236515	225988	221278	233979	205520	240621	238104	230712	240928	205988	
256381	223192	256933	268344	213055	277773	267832	253692	257451	256560	236166	250025	232317	240157	261741	221790	231207	267303	241084	226983	247992	280627	233553	270367	254894	257350	256913	293910	238537	250114	248872	255998	242970	250785	253348	250489	203110	259827	265544	252348	247176	250050	238893	257977	264694	229977	228753	255717	236365	262377	284047	244183	263673	265834	250159	231087	263524	279316	257834	251050	250660	225628	242398	242653	245497	227165	272573	239903	238070	279098	239844	275986	237481	250285	266049	235313	
215230	218936	236101	256901	205799	261399	246221	233873	245119	219675	230129	223434	212088	218501	259197	214501	212189	235430	221433	206660	244736	256119	198427	251534	239754	235508	247316	235351	208619	212104	221952	248380	225403	216496	218681	223210	195362	235770	230955	250734	226339	228460	214514	248842	250951	212085	229119	228386	221768	241045	255194	233231	260848	242457	237286	234222	228456	234214	217289	239424	232638	201425	223372	250286	224245	223065	259388	241212	205251	226613	216637	249414	222425	241968	232263	196477	
238341	240860	235207	261718	201798	269909	265869	231938	235747	234199	231149	217837	200651	237902	255660	219104	220611	237274	231632	222143	256154	270010	217791	272102	246602	239603	240515	247902	226859	227755	252983	256290	244327	233246	226944	238847	203135	250905	248085	253856	220264	242342	234873	261070	258828	235337	228776	233346	246336	259976	263468	247887	273639	264673	249961	227466	249482	245702	230570	244022	230492	210875	244324	253558	227222	214988	261478	242895	202302	247217	227765	247488	240734	236194	263008	201701	
230022	235229	245559	253575	217634	268176	249289	242395	234461	249109	243214	226489	214181	230002	250864	222241	228484	232447	217842	208585	261704	268117	217056	261287	250499	247762	252415	248092	223654	245918	224743	265686	253848	206204	233971	234169	188472	239600	253311	255196	230308	246283	223188	269481	251161	223690	248021	253869	237654	264311	256426	245783	260761	263181	245672	227613	233429	257516	235613	228792	233045	223825	229439	255854	239858	231631	250615	240474	221921	247258	235900	261607	246624	238515	238402	214468	
245705	236841	239829	262603	221494	280328	278071	261824	241588	238596	238106	238838	217815	225183	256103	229901	240933	264815	237846	236293	247929	282824	228449	265261	244561	254490	249600	263497	213573	233858	246980	263283	234402	246581	225595	248364	210420	226916	256362	245482	223650	239620	230910	249320	252406	222866	238837	265551	233928	276161	256520	250801	272229	282320	242262	225795	248433	254464	247245	252866	239227	213533	232861	261875	244278	224966	272647	245255	219063	257682	230095	273024	237091	230127	251518	217461	
226231	214344	244248	251558	210001	264485	253492	246358	236813	243916	231109	242283	227627	233281	234556	236555	219665	252948	230020	222584	248414	268505	219682	262697	246140	242532	246088	263505	208680	226718	232952	258834	241040	226208	245144	229272	195433	240341	267320	240499	235498	245340	241021	255246	250493	235821	240985	250261	227621	281440	258601	253921	266243	258766	236016	221306	228516	249684	245995	245022	243196	215245	248313	244902	245280	218775	259718	233051	228907	258131	235375	256296	249093	225624	246420	207929	
240694	232651	250858	265741	218459	278939	273676	264460	268199	256017	244547	250936	237678	233753	275097	225851	230299	260839	238170	228867	260315	280930	233041	287490	263428	249593	245788	266441	233209	247377	255655	243951	241910	248065	243804	250922	217701	263200	263669	278672	240091	259318	242721	251439	250497	243728	256052	266321	245055	268776	266654	269871	277314	277731	260635	235620	253129	253523	270199	255345	260037	222946	241332	259806	237056	225831	267958	236954	233116	261837	237080	274755	253976	252856	258259	221003	
244115	237979	261994	256611	214258	263796	253292	250259	243628	244758	233856	249098	228065	231599	270166	224774	230318	259590	220713	237180	253996	277359	230452	265049	269058	251774	262270	256794	233496	238692	229872	274814	238399	226089	229230	245454	208010	252099	256800	275513	232472	239794	234238	276821	245211	220247	259057	255179	227694	268544	255086	266459	266249	278651	260765	222016	240039	262385	251689	249143	245845	227584	242821	253056	240244	224715	254641	240165	223532	256542	214699	261605	247077	239995	230792	203043	
246925	208995	252110	243569	198546	250047	247079	226569	251410	228415	238975	227407	218612	211975	247654	211836	197817	234739	245009	218908	254450	256555	225726	251922	241056	233508	235550	248315	223928	234351	227326	240985	248388	218388	219304	246424	186589	221703	229908	241002	231757	241761	218483	242253	242311	213835	227519	244561	221282	258930	241839	254670	242481	256187	239343	226342	240420	244398	238890	248049	238442	200781	231331	250430	229352	224715	259391	242108	227634	253191	229027	268071	228683	237758	253792	220518	
222553	210680	221930	251185	204072	256485	257665	241798	235471	250512	219765	221460	231302	225732	262534	219120	222863	229559	231994	202530	228125	265098	213463	261393	250341	238687	228072	255981	212646	225031	225897	256290	229314	217139	239373	220615	184817	246194	228548	255339	252129	230658	232779	263074	236426	221030	241565	236519	237263	254669	241128	254201	270915	257259	239436	228648	222173	246729	249520	239545	236354	211909	251176	217833	220859	215086	244475	226094	214129	226651	223321	243927	235089	243850	233819	210365	
217707	218177	216052	247173	210258	249096	239292	238802	218223	232593	219063	207786	206354	207033	260795	183227	214760	225342	223183	203016	212959	259043	211619	262512	218629	219897	216016	234419	192028	212350	224388	227937	221697	222019	200220	220378	187955	224935	212305	234341	218261	219589	209224	226753	234911	215214	227934	234030	235043	256573	237751	235999	250718	250489	239372	209129	234134	255406	253444	235707	226523	191909	224293	220693	202769	201890	240536	223547	213983	245438	201426	230356	226207	227606	251600	209846	
